#!ascii label  , from subject fsaverage vox2ras=TkReg coords=white
255
86  -20.898  -99.807  -7.023 0.0000000000
978  -18.974  -99.148  -14.375 0.0000000000
1522  -25.289  -97.887  -6.544 0.0000000000
2370  -21.654  -98.742  -1.185 0.0000000000
2896  -18.348  -100.019  -7.064 0.0000000000
2897  -17.857  -99.050  -10.538 0.0000000000
2898  -20.278  -99.458  -11.155 0.0000000000
6368  -17.800  -98.044  -15.577 0.0000000000
7390  -23.109  -98.972  -7.186 0.0000000000
7391  -22.254  -98.738  -10.903 0.0000000000
7392  -23.512  -97.125  -9.959 0.0000000000
8565  -21.755  -98.790  -14.552 0.0000000000
9657  -18.795  -101.223  -4.033 0.0000000000
9665  -19.076  -100.275  -1.083 0.0000000000
9666  -21.126  -99.565  -3.779 0.0000000000
9667  -23.634  -98.228  -3.769 0.0000000000
10576  -19.633  -99.799  -7.030 0.0000000000
10577  -19.430  -99.246  -8.888 0.0000000000
10578  -20.693  -99.437  -8.956 0.0000000000
14449  -18.477  -99.134  -12.593 0.0000000000
14450  -17.436  -98.786  -12.115 0.0000000000
14451  -17.898  -98.817  -13.923 0.0000000000
14452  -17.284  -98.433  -14.636 0.0000000000
14453  -18.444  -98.619  -15.186 0.0000000000
16246  -24.175  -98.412  -7.033 0.0000000000
16247  -23.614  -98.282  -8.622 0.0000000000
16248  -24.376  -97.529  -8.158 0.0000000000
18879  -22.780  -98.045  -12.554 0.0000000000
18880  -22.013  -98.886  -12.989 0.0000000000
18881  -22.821  -98.217  -14.378 0.0000000000
21596  -19.583  -99.873  0.103 0.0000000000
21597  -20.383  -99.440  -1.091 0.0000000000
21598  -20.172  -100.096  -2.306 0.0000000000
21599  -21.153  -99.085  -2.341 0.0000000000
21600  -22.168  -98.642  -3.885 0.0000000000
21601  -22.513  -98.421  -2.405 0.0000000000
23646  -18.275  -99.216  -8.706 0.0000000000
23647  -19.011  -99.256  -10.947 0.0000000000
23648  -19.689  -99.388  -12.980 0.0000000000
30217  -16.590  -97.801  -14.924 0.0000000000
30218  -17.329  -97.400  -15.328 0.0000000000
32674  -22.102  -99.499  -7.086 0.0000000000
32675  -21.882  -99.347  -9.043 0.0000000000
32676  -22.780  -98.954  -9.017 0.0000000000
32677  -22.909  -97.906  -10.548 0.0000000000
32678  -23.450  -97.222  -12.017 0.0000000000
35955  -21.398  -99.274  -11.057 0.0000000000
35956  -20.876  -99.319  -13.052 0.0000000000
35957  -20.342  -99.191  -14.618 0.0000000000
35959  -21.306  -98.343  -15.720 0.0000000000
35960  -19.886  -98.697  -15.628 0.0000000000
35961  -19.389  -97.993  -16.069 0.0000000000
39206  -18.523  -100.871  -5.555 0.0000000000
39207  -19.887  -100.488  -5.371 0.0000000000
39230  -18.143  -100.501  0.193 0.0000000000
39231  -17.767  -101.030  -1.049 0.0000000000
39232  -19.001  -100.943  -2.491 0.0000000000
39233  -20.070  -100.504  -3.835 0.0000000000
39234  -21.183  -99.900  -5.312 0.0000000000
39235  -22.233  -99.120  -5.364 0.0000000000
39236  -23.410  -98.509  -5.481 0.0000000000
39237  -24.714  -98.140  -5.132 0.0000000000
41296  -20.309  -99.803  -7.012 0.0000000000
41297  -20.268  -99.501  -7.914 0.0000000000
41298  -20.831  -99.572  -7.943 0.0000000000
45169  -18.771  -99.170  -13.535 0.0000000000
45170  -18.191  -98.998  -13.307 0.0000000000
45171  -18.425  -99.022  -14.138 0.0000000000
45172  -18.157  -98.782  -14.573 0.0000000000
45173  -18.717  -98.897  -14.829 0.0000000000
46966  -24.713  -98.119  -6.808 0.0000000000
46967  -24.382  -98.099  -7.702 0.0000000000
46968  -24.913  -97.730  -7.325 0.0000000000
49599  -23.202  -97.742  -13.256 0.0000000000
49600  -22.801  -98.166  -13.502 0.0000000000
52315  -21.305  -99.010  -0.610 0.0000000000
52316  -20.657  -99.292  -0.551 0.0000000000
52317  -20.995  -99.062  -1.111 0.0000000000
52318  -20.759  -99.275  -1.683 0.0000000000
52319  -21.366  -98.851  -1.733 0.0000000000
52320  -21.740  -98.692  -2.397 0.0000000000
52321  -22.024  -98.522  -1.774 0.0000000000
54766  -17.785  -100.153  -7.063 0.0000000000
54767  -17.799  -99.677  -7.843 0.0000000000
54768  -18.325  -99.604  -7.870 0.0000000000
54769  -19.879  -99.305  -10.002 0.0000000000
54770  -19.225  -99.231  -9.940 0.0000000000
54771  -19.643  -99.330  -11.057 0.0000000000
54772  -19.408  -99.390  -11.982 0.0000000000
54773  -19.975  -99.434  -12.128 0.0000000000
66384  -17.599  -99.097  -9.466 0.0000000000
66394  -17.467  -98.288  -15.104 0.0000000000
66395  -16.926  -98.160  -14.841 0.0000000000
66396  -17.166  -97.947  -15.263 0.0000000000
66397  -16.907  -97.594  -15.157 0.0000000000
66398  -17.543  -97.720  -15.532 0.0000000000
71776  -22.588  -99.251  -7.126 0.0000000000
71777  -22.486  -99.246  -8.119 0.0000000000
71778  -22.987  -99.006  -8.077 0.0000000000
71779  -23.501  -97.670  -9.321 0.0000000000
71780  -23.219  -98.057  -9.559 0.0000000000
71781  -23.150  -97.475  -10.283 0.0000000000
71782  -23.038  -97.491  -11.322 0.0000000000
71783  -23.416  -97.133  -11.004 0.0000000000
79674  -22.089  -99.077  -10.063 0.0000000000
79675  -21.649  -99.269  -10.093 0.0000000000
79676  -21.867  -99.052  -10.992 0.0000000000
79677  -21.934  -98.891  -13.837 0.0000000000
79678  -21.479  -99.121  -13.015 0.0000000000
79679  -21.268  -99.116  -13.817 0.0000000000
79680  -20.588  -99.321  -13.907 0.0000000000
79681  -21.058  -98.965  -14.564 0.0000000000
79688  -20.593  -98.559  -15.695 0.0000000000
79689  -20.377  -98.198  -16.007 0.0000000000
79690  -19.632  -98.337  -15.920 0.0000000000
79691  -20.180  -97.810  -16.197 0.0000000000
87767  -18.116  -101.455  -4.041 0.0000000000
87768  -17.993  -101.325  -4.825 0.0000000000
87769  -18.665  -101.096  -4.775 0.0000000000
87770  -19.215  -100.671  -5.468 0.0000000000
87771  -19.347  -100.868  -4.712 0.0000000000
87828  -19.186  -99.928  -0.448 0.0000000000
87829  -18.837  -100.173  0.168 0.0000000000
87830  -18.568  -100.326  -0.419 0.0000000000
87831  -17.901  -100.727  -0.445 0.0000000000
87832  -18.382  -100.665  -1.093 0.0000000000
87833  -18.372  -101.022  -1.802 0.0000000000
87834  -19.007  -100.631  -1.768 0.0000000000
87835  -20.626  -99.832  -3.022 0.0000000000
87836  -20.158  -100.372  -3.077 0.0000000000
87837  -20.622  -100.072  -3.781 0.0000000000
87838  -20.579  -100.226  -4.503 0.0000000000
87839  -21.151  -99.785  -4.494 0.0000000000
87840  -21.725  -99.527  -5.330 0.0000000000
87841  -21.676  -99.285  -4.546 0.0000000000
87842  -22.893  -98.384  -3.879 0.0000000000
87843  -22.805  -98.549  -4.682 0.0000000000
87844  -23.517  -98.306  -4.655 0.0000000000
87845  -24.067  -98.291  -5.357 0.0000000000
87846  -24.195  -98.195  -4.429 0.0000000000
92764  -18.990  -99.876  -7.072 0.0000000000
92765  -18.927  -99.453  -7.925 0.0000000000
92766  -19.603  -99.446  -7.911 0.0000000000
92767  -20.090  -99.350  -8.918 0.0000000000
92768  -20.503  -99.410  -10.022 0.0000000000
99735  -18.180  -99.076  -11.547 0.0000000000
99736  -17.630  -98.928  -11.363 0.0000000000
99737  -17.924  -98.968  -12.384 0.0000000000
99738  -17.654  -98.793  -13.103 0.0000000000
99739  -17.374  -98.632  -13.656 0.0000000000
99740  -17.047  -98.505  -14.073 0.0000000000
99741  -17.619  -98.640  -14.336 0.0000000000
99742  -17.809  -98.545  -14.880 0.0000000000
99743  -18.097  -98.347  -15.435 0.0000000000
102970  -23.654  -98.710  -7.159 0.0000000000
102971  -23.491  -98.739  -8.003 0.0000000000
102972  -23.948  -98.442  -7.902 0.0000000000
102973  -23.920  -97.893  -8.463 0.0000000000
102974  -23.896  -97.326  -9.021 0.0000000000
107709  -22.423  -98.337  -11.765 0.0000000000
107710  -22.075  -98.790  -11.887 0.0000000000
107711  -22.399  -98.497  -12.766 0.0000000000
107712  -22.399  -98.584  -13.687 0.0000000000
107713  -22.351  -98.544  -14.524 0.0000000000
112566  -18.202  -101.512  -3.311 0.0000000000
112602  -19.983  -99.599  -0.517 0.0000000000
112603  -19.740  -99.859  -1.072 0.0000000000
112604  -19.685  -100.233  -1.702 0.0000000000
112605  -20.199  -99.725  -1.654 0.0000000000
112606  -20.639  -99.558  -2.284 0.0000000000
112607  -21.112  -99.318  -3.036 0.0000000000
112608  -21.617  -99.060  -3.804 0.0000000000
112609  -21.622  -98.889  -3.073 0.0000000000
112610  -22.245  -98.549  -3.105 0.0000000000
112611  -23.037  -98.328  -3.085 0.0000000000
116611  -17.747  -99.279  -8.663 0.0000000000
116612  -18.064  -99.154  -9.685 0.0000000000
116613  -18.760  -99.188  -8.785 0.0000000000
116614  -18.613  -99.196  -9.845 0.0000000000
116615  -18.408  -99.160  -10.757 0.0000000000
116616  -18.764  -99.231  -11.799 0.0000000000
116617  -19.111  -99.299  -12.808 0.0000000000
116618  -19.377  -99.291  -13.747 0.0000000000
119129  -25.416  -97.560  -7.031 0.0000000000
126624  -22.371  -98.533  -1.196 0.0000000000
132483  -16.664  -98.292  -14.342 0.0000000000
132486  -16.332  -97.464  -14.860 0.0000000000
132487  -16.699  -97.255  -14.967 0.0000000000
139246  -21.518  -99.700  -7.053 0.0000000000
139247  -21.420  -99.565  -7.984 0.0000000000
139248  -22.019  -99.429  -8.039 0.0000000000
139249  -22.319  -99.182  -9.095 0.0000000000
139250  -22.498  -98.779  -9.951 0.0000000000
139251  -23.229  -98.658  -8.822 0.0000000000
139252  -22.879  -98.428  -9.788 0.0000000000
139253  -22.617  -98.324  -10.761 0.0000000000
139254  -22.750  -97.897  -11.563 0.0000000000
139255  -23.104  -97.621  -12.317 0.0000000000
139256  -23.590  -97.359  -12.988 0.0000000000
139257  -24.900  -97.289  -7.811 0.0000000000
139258  -24.365  -96.992  -8.648 0.0000000000
139259  -23.984  -96.799  -9.597 0.0000000000
139262  -23.848  -96.781  -10.633 0.0000000000
148845  -21.251  -99.453  -8.991 0.0000000000
148846  -21.056  -99.407  -10.038 0.0000000000
148847  -20.812  -99.471  -11.124 0.0000000000
148848  -21.677  -99.073  -12.009 0.0000000000
148849  -21.134  -99.308  -12.093 0.0000000000
148850  -20.551  -99.439  -12.142 0.0000000000
148851  -20.271  -99.404  -13.060 0.0000000000
148852  -19.985  -99.354  -13.881 0.0000000000
148853  -19.704  -99.220  -14.571 0.0000000000
148855  -22.805  -98.032  -15.151 0.0000000000
148856  -22.205  -98.351  -15.219 0.0000000000
148858  -22.013  -98.097  -15.760 0.0000000000
148859  -21.536  -98.587  -15.197 0.0000000000
148860  -20.834  -98.778  -15.200 0.0000000000
148861  -20.114  -98.970  -15.184 0.0000000000
148862  -19.436  -99.014  -15.073 0.0000000000
148863  -19.171  -98.721  -15.451 0.0000000000
148864  -18.862  -98.374  -15.736 0.0000000000
148865  -18.558  -98.057  -15.855 0.0000000000
148866  -20.010  -97.392  -16.262 0.0000000000
148867  -19.146  -97.648  -16.105 0.0000000000
148868  -18.294  -97.708  -15.855 0.0000000000
148869  -18.079  -97.326  -15.703 0.0000000000
158571  -17.818  -100.599  -6.289 0.0000000000
158573  -17.905  -101.052  -5.592 0.0000000000
158574  -18.471  -100.466  -6.283 0.0000000000
158575  -19.118  -100.296  -6.248 0.0000000000
158576  -19.781  -100.174  -6.198 0.0000000000
158577  -20.439  -100.081  -6.158 0.0000000000
158651  -18.295  -101.326  -2.564 0.0000000000
158652  -18.882  -101.157  -3.246 0.0000000000
158653  -19.637  -100.564  -2.396 0.0000000000
158654  -19.538  -100.745  -3.141 0.0000000000
158655  -19.454  -100.879  -3.932 0.0000000000
158656  -20.007  -100.579  -4.627 0.0000000000
158657  -20.572  -100.230  -5.326 0.0000000000
158658  -21.093  -99.940  -6.145 0.0000000000
158659  -21.689  -99.660  -6.165 0.0000000000
158660  -22.223  -99.371  -6.189 0.0000000000
158661  -22.759  -99.068  -6.264 0.0000000000
158662  -22.213  -98.870  -4.621 0.0000000000
158663  -22.773  -98.790  -5.478 0.0000000000
158664  -23.324  -98.765  -6.325 0.0000000000
158665  -23.917  -98.497  -6.267 0.0000000000
158666  -24.504  -98.250  -6.082 0.0000000000
158667  -25.078  -98.057  -5.853 0.0000000000
158668  -22.832  -98.331  -1.771 0.0000000000
158669  -23.297  -98.213  -2.365 0.0000000000
158670  -23.762  -98.147  -3.016 0.0000000000
158673  -24.320  -98.120  -3.618 0.0000000000
158674  -24.849  -98.111  -4.234 0.0000000000
158675  -25.327  -98.030  -4.941 0.0000000000
