#!ascii label  , from subject fsaverage vox2ras=TkReg coords=white
316
6  21.316  -98.722  5.300 0.0000000000
208  23.197  -98.896  -6.179 0.0000000000
688  22.733  -99.111  -0.219 0.0000000000
1526  24.309  -98.732  -11.410 0.0000000000
2291  16.504  -100.719  5.259 0.0000000000
2608  22.082  -99.328  2.637 0.0000000000
3499  25.879  -97.952  -2.753 0.0000000000
3501  26.121  -98.285  -5.941 0.0000000000
3502  26.538  -97.957  -8.534 0.0000000000
3503  23.849  -99.368  -8.670 0.0000000000
5559  17.503  -100.979  1.992 0.0000000000
5846  22.744  -98.128  -2.924 0.0000000000
9431  19.094  -99.673  5.276 0.0000000000
9432  17.095  -100.188  8.555 0.0000000000
10000  19.911  -100.217  2.412 0.0000000000
10001  20.263  -99.257  -0.824 0.0000000000
10002  19.841  -99.209  -4.716 0.0000000000
10005  20.500  -99.826  -8.053 0.0000000000
10006  21.112  -100.039  -10.743 0.0000000000
10288  21.627  -98.959  3.940 0.0000000000
11179  24.475  -98.365  -4.451 0.0000000000
11180  26.017  -98.110  -4.454 0.0000000000
11181  24.719  -98.758  -5.933 0.0000000000
11182  24.975  -99.009  -7.252 0.0000000000
11183  23.502  -99.269  -7.372 0.0000000000
13581  23.876  -98.574  -0.473 0.0000000000
13582  24.075  -98.223  -1.591 0.0000000000
13583  22.683  -98.366  -1.469 0.0000000000
16264  25.462  -98.541  -9.892 0.0000000000
16266  25.723  -97.943  -11.257 0.0000000000
16268  24.574  -98.009  -12.507 0.0000000000
21015  18.458  -99.663  8.326 0.0000000000
22433  17.729  -100.001  5.312 0.0000000000
22434  19.421  -100.133  3.921 0.0000000000
22435  18.152  -100.430  3.731 0.0000000000
22437  18.951  -100.179  0.593 0.0000000000
22438  19.148  -99.890  -1.197 0.0000000000
22439  20.090  -99.000  -2.754 0.0000000000
22440  18.996  -99.922  -3.002 0.0000000000
22447  18.838  -100.055  -6.956 0.0000000000
22448  19.161  -100.060  -8.531 0.0000000000
22449  20.818  -100.083  -9.455 0.0000000000
22450  19.490  -100.189  -10.029 0.0000000000
23126  22.546  -99.494  1.298 0.0000000000
24735  26.358  -98.244  -7.208 0.0000000000
24736  25.273  -98.870  -8.561 0.0000000000
24737  24.049  -99.201  -10.035 0.0000000000
28436  15.412  -101.283  5.049 0.0000000000
28437  17.034  -100.939  3.709 0.0000000000
28998  25.568  -97.976  -1.414 0.0000000000
28999  24.238  -98.123  -3.004 0.0000000000
29000  22.913  -98.348  -4.602 0.0000000000
38530  20.736  -99.087  6.616 0.0000000000
38531  20.346  -99.429  5.202 0.0000000000
38532  19.440  -99.416  6.760 0.0000000000
38533  18.053  -99.701  6.865 0.0000000000
38534  16.742  -100.213  7.059 0.0000000000
38536  15.751  -100.712  8.700 0.0000000000
38537  15.439  -100.838  6.931 0.0000000000
40234  20.696  -99.724  3.912 0.0000000000
40235  21.075  -100.015  2.575 0.0000000000
40236  21.491  -99.780  1.034 0.0000000000
40237  18.639  -100.494  2.156 0.0000000000
40238  20.266  -99.837  0.840 0.0000000000
40239  21.589  -99.144  -0.600 0.0000000000
40240  21.364  -98.454  -2.116 0.0000000000
40241  21.221  -98.434  -3.926 0.0000000000
40242  21.444  -98.821  -5.753 0.0000000000
40248  18.062  -100.732  -3.147 0.0000000000
40249  18.822  -100.063  -4.996 0.0000000000
40250  20.107  -99.528  -6.594 0.0000000000
40251  21.851  -99.397  -7.146 0.0000000000
40252  22.092  -99.750  -8.420 0.0000000000
40253  22.472  -99.771  -9.730 0.0000000000
40254  22.761  -99.470  -11.014 0.0000000000
40256  21.406  -99.538  -12.019 0.0000000000
40257  22.955  -98.906  -12.358 0.0000000000
40258  23.215  -98.003  -13.213 0.0000000000
41008  21.446  -98.828  4.607 0.0000000000
41899  23.829  -98.597  -5.333 0.0000000000
41900  24.604  -98.556  -5.260 0.0000000000
41901  23.953  -98.844  -6.027 0.0000000000
41902  24.073  -99.030  -6.602 0.0000000000
41903  23.335  -99.100  -6.714 0.0000000000
44299  23.198  -99.063  0.358 0.0000000000
44301  23.297  -98.825  -0.354 0.0000000000
44302  23.342  -98.556  -0.968 0.0000000000
44303  22.701  -98.742  -0.890 0.0000000000
46984  24.895  -98.639  -10.652 0.0000000000
46985  25.586  -98.262  -10.591 0.0000000000
46986  25.037  -98.335  -11.352 0.0000000000
46987  25.172  -97.992  -11.900 0.0000000000
46988  24.449  -98.395  -11.984 0.0000000000
53153  17.073  -100.360  5.300 0.0000000000
53154  17.878  -100.248  4.498 0.0000000000
53155  17.226  -100.596  4.413 0.0000000000
53157  18.511  -100.370  -0.354 0.0000000000
53158  18.590  -100.296  -1.209 0.0000000000
53159  19.129  -99.866  -2.123 0.0000000000
53160  18.622  -100.336  -2.117 0.0000000000
53167  18.428  -100.158  -7.790 0.0000000000
53169  19.348  -100.129  -9.346 0.0000000000
53902  22.809  -99.100  1.729 0.0000000000
53903  22.338  -99.449  1.955 0.0000000000
56574  26.479  -97.661  -1.899 0.0000000000
56576  26.632  -97.681  -2.689 0.0000000000
56577  26.072  -98.204  -5.236 0.0000000000
56578  26.709  -97.753  -4.465 0.0000000000
56579  26.730  -97.794  -5.240 0.0000000000
56581  26.782  -97.827  -5.929 0.0000000000
56582  26.834  -97.833  -6.543 0.0000000000
56583  26.240  -98.301  -6.572 0.0000000000
56584  24.432  -99.205  -7.953 0.0000000000
56585  25.147  -98.959  -7.896 0.0000000000
56586  24.586  -99.166  -8.566 0.0000000000
56587  24.680  -99.062  -9.263 0.0000000000
56588  23.954  -99.312  -9.330 0.0000000000
63783  25.344  -98.045  -0.869 0.0000000000
63784  23.386  -98.135  -2.198 0.0000000000
63785  24.165  -98.098  -2.235 0.0000000000
63786  23.468  -98.111  -2.955 0.0000000000
63787  23.584  -98.178  -3.730 0.0000000000
63788  22.836  -98.169  -3.732 0.0000000000
86084  20.431  -99.212  7.304 0.0000000000
86085  20.177  -99.341  6.632 0.0000000000
86086  19.663  -99.332  7.409 0.0000000000
86087  17.784  -99.942  8.448 0.0000000000
86088  18.295  -99.647  7.605 0.0000000000
86089  17.591  -99.953  7.744 0.0000000000
86090  17.370  -99.957  6.932 0.0000000000
86091  16.944  -100.208  7.760 0.0000000000
86098  15.580  -100.755  7.832 0.0000000000
86099  14.911  -100.994  7.768 0.0000000000
86100  14.845  -101.109  6.811 0.0000000000
90338  19.748  -99.556  5.310 0.0000000000
90339  20.519  -99.563  4.556 0.0000000000
90340  19.905  -99.731  4.614 0.0000000000
90341  19.694  -100.240  3.198 0.0000000000
90342  20.292  -100.092  3.253 0.0000000000
90343  20.513  -100.109  2.527 0.0000000000
90344  21.295  -99.941  1.853 0.0000000000
90345  20.741  -100.013  1.748 0.0000000000
90346  17.286  -100.989  2.846 0.0000000000
90347  17.819  -100.740  2.903 0.0000000000
90348  18.032  -100.727  2.052 0.0000000000
90349  19.618  -99.714  -0.097 0.0000000000
90350  19.599  -99.964  0.716 0.0000000000
90351  20.294  -99.539  0.015 0.0000000000
90352  20.961  -99.495  0.122 0.0000000000
90353  20.932  -99.127  -0.723 0.0000000000
90354  21.493  -98.741  -1.337 0.0000000000
90355  20.821  -98.808  -1.524 0.0000000000
90356  19.956  -99.075  -3.764 0.0000000000
90357  20.581  -98.643  -3.385 0.0000000000
90358  20.452  -98.762  -4.349 0.0000000000
90359  21.297  -98.589  -4.860 0.0000000000
90360  20.579  -98.945  -5.322 0.0000000000
90376  17.986  -100.723  -4.100 0.0000000000
90377  18.451  -100.434  -4.065 0.0000000000
90378  18.353  -100.400  -5.109 0.0000000000
90379  19.603  -99.868  -7.606 0.0000000000
90380  19.467  -99.807  -6.820 0.0000000000
90381  20.297  -99.690  -7.388 0.0000000000
90382  21.008  -99.390  -7.047 0.0000000000
90383  21.162  -99.607  -7.625 0.0000000000
90384  21.971  -99.587  -7.741 0.0000000000
90385  21.329  -99.785  -8.260 0.0000000000
90386  20.931  -100.112  -10.140 0.0000000000
90387  21.650  -99.975  -9.606 0.0000000000
90388  21.813  -99.895  -10.249 0.0000000000
90389  22.673  -99.659  -10.388 0.0000000000
90390  21.963  -99.740  -10.875 0.0000000000
90395  20.703  -99.476  -12.299 0.0000000000
90396  21.479  -99.211  -12.621 0.0000000000
90397  22.193  -99.233  -12.133 0.0000000000
90398  22.284  -98.874  -12.735 0.0000000000
90399  23.060  -98.498  -12.881 0.0000000000
90400  22.380  -98.436  -13.249 0.0000000000
92246  21.803  -99.155  3.321 0.0000000000
93849  25.171  -98.169  -3.665 0.0000000000
93850  25.961  -98.011  -3.612 0.0000000000
93851  25.256  -98.309  -4.469 0.0000000000
93852  25.349  -98.534  -5.268 0.0000000000
93853  25.422  -98.637  -5.912 0.0000000000
93854  25.549  -98.662  -6.566 0.0000000000
93855  24.844  -98.923  -6.569 0.0000000000
93856  24.259  -99.164  -7.312 0.0000000000
93857  23.673  -99.380  -8.062 0.0000000000
98173  24.509  -98.351  -0.371 0.0000000000
98174  24.695  -98.252  -0.956 0.0000000000
98175  23.978  -98.393  -1.028 0.0000000000
98176  23.345  -98.279  -1.501 0.0000000000
98177  22.699  -98.188  -2.168 0.0000000000
103002  26.007  -98.353  -9.287 0.0000000000
103003  26.652  -97.743  -9.229 0.0000000000
103004  26.131  -98.106  -9.992 0.0000000000
103005  26.276  -97.809  -10.608 0.0000000000
103006  26.398  -97.447  -11.186 0.0000000000
103008  25.927  -97.563  -11.799 0.0000000000
103009  25.312  -97.598  -12.377 0.0000000000
111555  19.119  -99.407  8.184 0.0000000000
114107  18.419  -99.821  5.265 0.0000000000
114108  19.256  -99.893  4.569 0.0000000000
114109  18.570  -100.049  4.548 0.0000000000
114110  18.784  -100.257  3.827 0.0000000000
114111  19.103  -100.398  3.082 0.0000000000
114112  17.682  -100.859  1.192 0.0000000000
114113  18.287  -100.566  1.262 0.0000000000
114114  18.422  -100.458  0.473 0.0000000000
114115  19.010  -99.998  -0.206 0.0000000000
114116  19.667  -99.522  -1.015 0.0000000000
114117  20.195  -99.014  -1.681 0.0000000000
114118  19.670  -99.408  -1.992 0.0000000000
114119  19.499  -99.431  -2.949 0.0000000000
114120  19.359  -99.559  -3.890 0.0000000000
114131  18.286  -100.348  -6.079 0.0000000000
114132  18.275  -100.277  -6.986 0.0000000000
114133  18.982  -100.035  -7.731 0.0000000000
114134  19.775  -99.933  -8.323 0.0000000000
114135  20.671  -99.984  -8.748 0.0000000000
114136  20.017  -100.067  -9.105 0.0000000000
114137  20.169  -100.151  -9.793 0.0000000000
114138  20.309  -100.166  -10.433 0.0000000000
115399  23.018  -99.133  1.071 0.0000000000
115400  22.699  -99.376  0.515 0.0000000000
119144  26.717  -97.728  -3.593 0.0000000000
119153  26.460  -98.113  -7.834 0.0000000000
119154  25.696  -98.637  -7.220 0.0000000000
119155  25.847  -98.590  -7.845 0.0000000000
119156  25.925  -98.504  -8.558 0.0000000000
119157  25.346  -98.751  -9.244 0.0000000000
119158  24.775  -98.883  -9.952 0.0000000000
119159  24.163  -99.017  -10.778 0.0000000000
127790  15.961  -101.028  5.188 0.0000000000
127791  16.734  -100.885  4.454 0.0000000000
127792  16.220  -101.143  4.369 0.0000000000
127793  16.476  -101.189  3.590 0.0000000000
127794  16.729  -101.204  2.788 0.0000000000
129176  25.744  -97.946  -2.043 0.0000000000
129177  24.841  -98.147  -1.564 0.0000000000
129178  24.966  -98.075  -2.198 0.0000000000
129179  25.091  -98.103  -2.894 0.0000000000
129180  24.345  -98.216  -3.734 0.0000000000
129181  23.711  -98.333  -4.554 0.0000000000
129182  23.041  -98.598  -5.427 0.0000000000
156550  21.029  -98.928  5.966 0.0000000000
156551  20.852  -99.140  5.216 0.0000000000
156552  20.550  -99.274  5.892 0.0000000000
156553  19.907  -99.413  5.967 0.0000000000
156554  19.223  -99.480  6.036 0.0000000000
156555  18.964  -99.478  7.514 0.0000000000
156556  18.764  -99.481  6.788 0.0000000000
156557  18.505  -99.552  6.021 0.0000000000
156558  17.840  -99.799  6.072 0.0000000000
156559  17.207  -100.090  6.157 0.0000000000
156560  16.568  -100.422  6.149 0.0000000000
156566  16.433  -100.422  8.609 0.0000000000
156567  16.261  -100.492  7.836 0.0000000000
156568  16.080  -100.514  6.992 0.0000000000
156569  15.946  -100.761  6.075 0.0000000000
156570  15.367  -101.016  6.017 0.0000000000
161656  21.039  -99.260  4.552 0.0000000000
161657  21.207  -99.406  3.920 0.0000000000
161658  21.384  -99.565  3.297 0.0000000000
161659  20.086  -99.976  3.940 0.0000000000
161660  20.885  -99.879  3.254 0.0000000000
161661  21.646  -99.719  2.570 0.0000000000
161662  21.876  -99.751  1.877 0.0000000000
161663  22.066  -99.693  1.148 0.0000000000
161664  22.224  -99.530  0.293 0.0000000000
161665  17.552  -100.697  3.689 0.0000000000
161666  18.453  -100.538  2.975 0.0000000000
161667  19.277  -100.332  2.276 0.0000000000
161668  18.821  -100.351  1.376 0.0000000000
161669  19.448  -100.181  1.481 0.0000000000
161670  20.090  -100.084  1.600 0.0000000000
161671  20.900  -99.797  0.947 0.0000000000
161672  21.621  -99.532  0.177 0.0000000000
161673  22.157  -99.142  -0.439 0.0000000000
161674  22.093  -98.726  -1.124 0.0000000000
161675  22.045  -98.324  -1.789 0.0000000000
161676  21.989  -98.234  -2.558 0.0000000000
161677  20.704  -98.660  -2.432 0.0000000000
161678  21.200  -98.366  -2.957 0.0000000000
161679  22.007  -98.235  -3.419 0.0000000000
161680  22.083  -98.321  -4.299 0.0000000000
161681  22.161  -98.540  -5.189 0.0000000000
161682  22.358  -98.845  -5.983 0.0000000000
161700  18.096  -100.718  -2.225 0.0000000000
161701  18.576  -100.393  -3.073 0.0000000000
161702  18.873  -100.039  -3.954 0.0000000000
161703  19.304  -99.668  -4.866 0.0000000000
161704  18.814  -100.056  -6.005 0.0000000000
161705  19.342  -99.726  -5.885 0.0000000000
161706  19.936  -99.361  -5.697 0.0000000000
161707  20.782  -99.157  -6.241 0.0000000000
161708  21.703  -99.157  -6.525 0.0000000000
161709  22.542  -99.129  -6.665 0.0000000000
161710  22.664  -99.342  -7.200 0.0000000000
161711  22.801  -99.504  -7.909 0.0000000000
161712  22.969  -99.576  -8.570 0.0000000000
161713  21.489  -99.922  -8.931 0.0000000000
161714  22.273  -99.802  -9.072 0.0000000000
161715  23.156  -99.572  -9.206 0.0000000000
161716  23.298  -99.506  -9.867 0.0000000000
161717  23.408  -99.366  -10.557 0.0000000000
161718  23.522  -99.156  -11.252 0.0000000000
161720  19.625  -100.115  -10.692 0.0000000000
161721  20.461  -100.085  -11.047 0.0000000000
161723  20.607  -99.796  -11.676 0.0000000000
161724  21.279  -99.830  -11.377 0.0000000000
161725  22.101  -99.509  -11.478 0.0000000000
161726  22.864  -99.214  -11.698 0.0000000000
161727  23.641  -98.873  -11.909 0.0000000000
161728  23.770  -98.489  -12.440 0.0000000000
161729  23.899  -98.051  -12.887 0.0000000000
